planner_name iteration planning_time_elapsed cost_solution_total cost_solution_revolute cost_solution_prismatic theoretical_cost_total theoretical_cost_revolute theoretical_cost_prismatic
bi_informed_rrt_star 1 0.071378 10000 10000 10000 17.4569 0.88319 17.4346
bi_informed_rrt_star 2 0.173921 10000 10000 10000 17.4569 0.88319 17.4346
bi_informed_rrt_star 3 0.314666 10000 10000 10000 17.4569 0.88319 17.4346
bi_informed_rrt_star 4 0.711978 10000 10000 10000 17.4569 0.88319 17.4346
bi_informed_rrt_star 5 0.970444 10000 10000 10000 17.4569 0.88319 17.4346
bi_informed_rrt_star 6 1.00516 10000 10000 10000 17.4569 0.88319 17.4346
bi_informed_rrt_star 7 1.43863 10000 10000 10000 17.4569 0.88319 17.4346
bi_informed_rrt_star 8 1.87725 10000 10000 10000 17.4569 0.88319 17.4346
bi_informed_rrt_star 9 2.04058 10000 10000 10000 17.4569 0.88319 17.4346
bi_informed_rrt_star 10 2.12845 10000 10000 10000 17.4569 0.88319 17.4346
bi_informed_rrt_star 11 2.30679 10000 10000 10000 17.4569 0.88319 17.4346
bi_informed_rrt_star 12 3.02504 10000 10000 10000 17.4569 0.88319 17.4346
bi_informed_rrt_star 13 3.07789 10000 10000 10000 17.4569 0.88319 17.4346
bi_informed_rrt_star 14 3.17402 10000 10000 10000 17.4569 0.88319 17.4346
bi_informed_rrt_star 15 3.35118 10000 10000 10000 17.4569 0.88319 17.4346
bi_informed_rrt_star 16 3.73114 10000 10000 10000 17.4569 0.88319 17.4346
bi_informed_rrt_star 17 3.92127 10000 10000 10000 17.4569 0.88319 17.4346
bi_informed_rrt_star 18 4.64517 10000 10000 10000 17.4569 0.88319 17.4346
bi_informed_rrt_star 19 4.85272 10000 10000 10000 17.4569 0.88319 17.4346
bi_informed_rrt_star 20 4.97717 10000 10000 10000 17.4569 0.88319 17.4346
bi_informed_rrt_star 21 5.09651 10000 10000 10000 17.4569 0.88319 17.4346
bi_informed_rrt_star 22 5.16718 10000 10000 10000 17.4569 0.88319 17.4346
bi_informed_rrt_star 23 5.59983 10000 10000 10000 17.4569 0.88319 17.4346
bi_informed_rrt_star 24 5.69302 10000 10000 10000 17.4569 0.88319 17.4346
bi_informed_rrt_star 25 6.12768 10000 10000 10000 17.4569 0.88319 17.4346
bi_informed_rrt_star 26 6.83138 10000 10000 10000 17.4569 0.88319 17.4346
bi_informed_rrt_star 27 7.25826 10000 10000 10000 17.4569 0.88319 17.4346
bi_informed_rrt_star 28 7.64407 10000 10000 10000 17.4569 0.88319 17.4346
bi_informed_rrt_star 29 7.7354 10000 10000 10000 17.4569 0.88319 17.4346
bi_informed_rrt_star 30 7.8734 10000 10000 10000 17.4569 0.88319 17.4346
bi_informed_rrt_star 31 8.13443 10000 10000 10000 17.4569 0.88319 17.4346
bi_informed_rrt_star 32 8.26317 10000 10000 10000 17.4569 0.88319 17.4346
bi_informed_rrt_star 33 8.3258 10000 10000 10000 17.4569 0.88319 17.4346
bi_informed_rrt_star 34 8.68697 10000 10000 10000 17.4569 0.88319 17.4346
bi_informed_rrt_star 35 9.09899 10000 10000 10000 17.4569 0.88319 17.4346
bi_informed_rrt_star 36 9.22082 10000 10000 10000 17.4569 0.88319 17.4346
bi_informed_rrt_star 37 9.26149 10000 10000 10000 17.4569 0.88319 17.4346
bi_informed_rrt_star 38 9.39075 10000 10000 10000 17.4569 0.88319 17.4346
bi_informed_rrt_star 39 9.92079 10000 10000 10000 17.4569 0.88319 17.4346
bi_informed_rrt_star 40 10.0213 10000 10000 10000 17.4569 0.88319 17.4346
bi_informed_rrt_star 41 10.1344 10000 10000 10000 17.4569 0.88319 17.4346
bi_informed_rrt_star 42 10.2316 10000 10000 10000 17.4569 0.88319 17.4346
bi_informed_rrt_star 43 10.398 10000 10000 10000 17.4569 0.88319 17.4346
bi_informed_rrt_star 44 10.8846 10000 10000 10000 17.4569 0.88319 17.4346
bi_informed_rrt_star 45 11.3015 10000 10000 10000 17.4569 0.88319 17.4346
bi_informed_rrt_star 46 11.3728 10000 10000 10000 17.4569 0.88319 17.4346
bi_informed_rrt_star 47 11.811 10000 10000 10000 17.4569 0.88319 17.4346
bi_informed_rrt_star 48 12.5008 10000 10000 10000 17.4569 0.88319 17.4346
bi_informed_rrt_star 49 12.5566 10000 10000 10000 17.4569 0.88319 17.4346
bi_informed_rrt_star 50 12.6126 10000 10000 10000 17.4569 0.88319 17.4346
bi_informed_rrt_star 51 12.7818 10000 10000 10000 17.4569 0.88319 17.4346
bi_informed_rrt_star 52 12.895 10000 10000 10000 17.4569 0.88319 17.4346
bi_informed_rrt_star 53 12.9485 10000 10000 10000 17.4569 0.88319 17.4346
bi_informed_rrt_star 54 13.0292 10000 10000 10000 17.4569 0.88319 17.4346
bi_informed_rrt_star 55 13.1564 10000 10000 10000 17.4569 0.88319 17.4346
bi_informed_rrt_star 56 13.6375 10000 10000 10000 17.4569 0.88319 17.4346
bi_informed_rrt_star 57 13.6917 10000 10000 10000 17.4569 0.88319 17.4346
bi_informed_rrt_star 58 14.0835 10000 10000 10000 17.4569 0.88319 17.4346
bi_informed_rrt_star 59 14.5794 10000 10000 10000 17.4569 0.88319 17.4346
bi_informed_rrt_star 60 14.9514 10000 10000 10000 17.4569 0.88319 17.4346
bi_informed_rrt_star 61 15.3986 10000 10000 10000 17.4569 0.88319 17.4346
bi_informed_rrt_star 62 15.5156 10000 10000 10000 17.4569 0.88319 17.4346
bi_informed_rrt_star 63 15.7143 10000 10000 10000 17.4569 0.88319 17.4346
bi_informed_rrt_star 64 16.2397 10000 10000 10000 17.4569 0.88319 17.4346
bi_informed_rrt_star 65 16.3709 10000 10000 10000 17.4569 0.88319 17.4346
bi_informed_rrt_star 66 16.5 10000 10000 10000 17.4569 0.88319 17.4346
bi_informed_rrt_star 67 16.6586 10000 10000 10000 17.4569 0.88319 17.4346
bi_informed_rrt_star 68 17.0422 10000 10000 10000 17.4569 0.88319 17.4346
bi_informed_rrt_star 69 17.0832 10000 10000 10000 17.4569 0.88319 17.4346
bi_informed_rrt_star 70 17.1532 10000 10000 10000 17.4569 0.88319 17.4346
bi_informed_rrt_star 71 17.8682 10000 10000 10000 17.4569 0.88319 17.4346
bi_informed_rrt_star 72 18.2257 10000 10000 10000 17.4569 0.88319 17.4346
bi_informed_rrt_star 73 18.5906 10000 10000 10000 17.4569 0.88319 17.4346
bi_informed_rrt_star 74 18.7377 10000 10000 10000 17.4569 0.88319 17.4346
bi_informed_rrt_star 75 19.3044 10000 10000 10000 17.4569 0.88319 17.4346
bi_informed_rrt_star 76 19.4149 10000 10000 10000 17.4569 0.88319 17.4346
bi_informed_rrt_star 77 19.8026 10000 10000 10000 17.4569 0.88319 17.4346
bi_informed_rrt_star 78 19.9924 10000 10000 10000 17.4569 0.88319 17.4346
bi_informed_rrt_star 79 20.0085 10000 10000 10000 17.4569 0.88319 17.4346
bi_informed_rrt_star 80 20.0762 10000 10000 10000 17.4569 0.88319 17.4346
bi_informed_rrt_star 81 20.2761 10000 10000 10000 17.4569 0.88319 17.4346
bi_informed_rrt_star 82 20.6371 10000 10000 10000 17.4569 0.88319 17.4346
bi_informed_rrt_star 83 20.8803 10000 10000 10000 17.4569 0.88319 17.4346
bi_informed_rrt_star 84 20.9351 10000 10000 10000 17.4569 0.88319 17.4346
bi_informed_rrt_star 85 21.0948 10000 10000 10000 17.4569 0.88319 17.4346
bi_informed_rrt_star 86 21.3272 10000 10000 10000 17.4569 0.88319 17.4346
bi_informed_rrt_star 87 21.4826 10000 10000 10000 17.4569 0.88319 17.4346
bi_informed_rrt_star 88 21.8621 10000 10000 10000 17.4569 0.88319 17.4346
bi_informed_rrt_star 89 21.9365 10000 10000 10000 17.4569 0.88319 17.4346
bi_informed_rrt_star 90 21.9938 10000 10000 10000 17.4569 0.88319 17.4346
bi_informed_rrt_star 91 22.0749 10000 10000 10000 17.4569 0.88319 17.4346
bi_informed_rrt_star 92 22.7721 10000 10000 10000 17.4569 0.88319 17.4346
bi_informed_rrt_star 93 22.9341 10000 10000 10000 17.4569 0.88319 17.4346
bi_informed_rrt_star 94 23.0576 10000 10000 10000 17.4569 0.88319 17.4346
bi_informed_rrt_star 95 23.3091 10000 10000 10000 17.4569 0.88319 17.4346
bi_informed_rrt_star 96 23.3487 10000 10000 10000 17.4569 0.88319 17.4346
bi_informed_rrt_star 97 23.4615 10000 10000 10000 17.4569 0.88319 17.4346
bi_informed_rrt_star 98 23.8311 10000 10000 10000 17.4569 0.88319 17.4346
bi_informed_rrt_star 99 24.0236 10000 10000 10000 17.4569 0.88319 17.4346
bi_informed_rrt_star 100 24.4153 10000 10000 10000 17.4569 0.88319 17.4346
bi_informed_rrt_star 101 24.5192 10000 10000 10000 17.4569 0.88319 17.4346
bi_informed_rrt_star 102 24.8936 10000 10000 10000 17.4569 0.88319 17.4346
bi_informed_rrt_star 103 25.3251 10000 10000 10000 17.4569 0.88319 17.4346
bi_informed_rrt_star 104 25.4168 10000 10000 10000 17.4569 0.88319 17.4346
bi_informed_rrt_star 105 25.829 10000 10000 10000 17.4569 0.88319 17.4346
bi_informed_rrt_star 106 26.0034 10000 10000 10000 17.4569 0.88319 17.4346
bi_informed_rrt_star 107 26.0297 10000 10000 10000 17.4569 0.88319 17.4346
bi_informed_rrt_star 108 26.7191 10000 10000 10000 17.4569 0.88319 17.4346
bi_informed_rrt_star 109 26.853 10000 10000 10000 17.4569 0.88319 17.4346
bi_informed_rrt_star 110 27.0327 10000 10000 10000 17.4569 0.88319 17.4346
bi_informed_rrt_star 111 27.0707 10000 10000 10000 17.4569 0.88319 17.4346
bi_informed_rrt_star 112 27.141 10000 10000 10000 17.4569 0.88319 17.4346
bi_informed_rrt_star 113 27.5807 10000 10000 10000 17.4569 0.88319 17.4346
bi_informed_rrt_star 114 27.8286 10000 10000 10000 17.4569 0.88319 17.4346
bi_informed_rrt_star 115 27.9407 10000 10000 10000 17.4569 0.88319 17.4346
bi_informed_rrt_star 116 28.0134 10000 10000 10000 17.4569 0.88319 17.4346
bi_informed_rrt_star 117 28.151 10000 10000 10000 17.4569 0.88319 17.4346
bi_informed_rrt_star 118 28.2653 10000 10000 10000 17.4569 0.88319 17.4346
bi_informed_rrt_star 119 28.6917 10000 10000 10000 17.4569 0.88319 17.4346
bi_informed_rrt_star 120 29.0537 10000 10000 10000 17.4569 0.88319 17.4346
bi_informed_rrt_star 121 29.2911 10000 10000 10000 17.4569 0.88319 17.4346
bi_informed_rrt_star 122 29.3428 10000 10000 10000 17.4569 0.88319 17.4346
bi_informed_rrt_star 123 29.4823 10000 10000 10000 17.4569 0.88319 17.4346
bi_informed_rrt_star 124 29.8655 10000 10000 10000 17.4569 0.88319 17.4346
bi_informed_rrt_star 125 30.3011 10000 10000 10000 17.4569 0.88319 17.4346
